X<- 1:10
X^2